
	Distribution Summary

Distribution:	Uniform      
Expression:	UNIF(50, 101)
Square Error:	0.000001

Chi Square Test
  Number of intervals	= 40
  Degrees of freedom 	= 39
  Test Statistic     	= 23.2
  Corresponding p-value	> 0.75

	Data Summary

Number of Data Points	= 1000000
Min Data Value       	= 50
Max Data Value       	= 101
Sample Mean          	= 75.5
Sample Std Dev       	= 14.7

	Histogram Summary

Histogram Range    	= 50 to 101
Number of Intervals	= 40


==================================================================
Int.   No. of               Probability           Cumulative      
No.    Data Pts.   x        Density               Distribution    
------------------------------------------------------------------
                            Data   Function       Data   Function   
   0  25030       51.3     0.0250     0.0250     0.0250     0.0250
   1  24875       52.5     0.0249     0.0250     0.0499     0.0500
   2  25022       53.8     0.0250     0.0250     0.0749     0.0750
   3  24873       55.1     0.0249     0.0250     0.0998      0.100
   4  25086       56.4     0.0251     0.0250      0.125      0.125
   5  24981       57.6     0.0250     0.0250      0.150      0.150
   6  25061       58.9     0.0251     0.0250      0.175      0.175
   7  25019       60.2     0.0250     0.0250      0.200      0.200
   8  25182       61.5     0.0252     0.0250      0.225      0.225
   9  25024       62.7     0.0250     0.0250      0.250      0.250
  10  25093       64.0     0.0251     0.0250      0.275      0.275
  11  24869       65.3     0.0249     0.0250      0.300      0.300
  12  24736       66.6     0.0247     0.0250      0.325      0.325
  13  24888       67.9     0.0249     0.0250      0.350      0.350
  14  25210       69.1     0.0252     0.0250      0.375      0.375
  15  25171       70.4     0.0252     0.0250      0.400      0.400
  16  24893       71.7     0.0249     0.0250      0.425      0.425
  17  24863       73.0     0.0249     0.0250      0.450      0.450
  18  25034       74.2     0.0250     0.0250      0.475      0.475
  19  24858       75.5     0.0249     0.0250      0.500      0.500
  20  25048       76.8     0.0250     0.0250      0.525      0.525
  21  25029       78.1     0.0250     0.0250      0.550      0.550
  22  25106       79.3     0.0251     0.0250      0.575      0.575
  23  25141       80.6     0.0251     0.0250      0.600      0.600
  24  24941       81.9     0.0249     0.0250      0.625      0.625
  25  25074       83.2     0.0251     0.0250      0.650      0.650
  26  24814       84.4     0.0248     0.0250      0.675      0.675
  27  25051       85.7     0.0251     0.0250      0.700      0.700
  28  24902       87.0     0.0249     0.0250      0.725      0.725
  29  25131       88.3     0.0251     0.0250      0.750      0.750
  30  24970       89.5     0.0250     0.0250      0.775      0.775
  31  24893       90.8     0.0249     0.0250      0.800      0.800
  32  25233       92.1     0.0252     0.0250      0.825      0.825
  33  24974       93.4     0.0250     0.0250      0.850      0.850
  34  25017       94.6     0.0250     0.0250      0.875      0.875
  35  24912       95.9     0.0249     0.0250      0.900      0.900
  36  24806       97.2     0.0248     0.0250      0.925      0.925
  37  25005       98.5     0.0250     0.0250      0.950      0.950
  38  24966       99.7     0.0250     0.0250      0.975      0.975
  39  25219       101.     0.0252     0.0250       1.00       1.00
