
	Distribution Summary

Distribution:	Exponential  
Expression:	132 + EXPO(1.37e+004)
Square Error:	0.019601

Chi Square Test
  Number of intervals	= 7
  Degrees of freedom 	= 5
  Test Statistic     	= 30.6
  Corresponding p-value	< 0.005

Kolmogorov-Smirnov Test
  Test Statistic	= 0.17
  Corresponding p-value	= 0.0266

	Data Summary

Number of Data Points	= 73
Min Data Value       	= 133
Max Data Value       	= 2.88e+004
Sample Mean          	= 1.38e+004
Sample Std Dev       	= 8.76e+003

	Histogram Summary

Histogram Range    	= 132 to 2.88e+004
Number of Intervals	= 40


==================================================================
Int.   No. of               Probability           Cumulative      
No.    Data Pts.   x        Density               Distribution    
------------------------------------------------------------------
                            Data   Function       Data   Function   
   0     5       850.     0.0685     0.0511     0.0685     0.0511
   1     2  1.57e+003     0.0274     0.0485     0.0959     0.0996
   2     0  2.29e+003      0.000     0.0460     0.0959      0.146
   3     2  3.00e+003     0.0274     0.0437      0.123      0.189
   4     1  3.72e+003     0.0137     0.0414      0.137      0.231
   5     4  4.44e+003     0.0548     0.0393      0.192      0.270
   6     2  5.16e+003     0.0274     0.0373      0.219      0.307
   7     0  5.87e+003      0.000     0.0354      0.219      0.343
   8     5  6.59e+003     0.0685     0.0336      0.288      0.376
   9     0  7.31e+003      0.000     0.0319      0.288      0.408
  10     0  8.03e+003      0.000     0.0302      0.288      0.438
  11     3  8.75e+003     0.0411     0.0287      0.329      0.467
  12     2  9.46e+003     0.0274     0.0272      0.356      0.494
  13     0  1.02e+004      0.000     0.0258      0.356      0.520
  14     5  1.09e+004     0.0685     0.0245      0.425      0.545
  15     2  1.16e+004     0.0274     0.0233      0.452      0.568
  16     1  1.23e+004     0.0137     0.0221      0.466      0.590
  17     2  1.31e+004     0.0274     0.0209      0.493      0.611
  18     2  1.38e+004     0.0274     0.0199      0.521      0.631
  19     2  1.45e+004     0.0274     0.0189      0.548      0.650
  20     1  1.52e+004     0.0137     0.0179      0.562      0.668
  21     2  1.59e+004     0.0274     0.0170      0.589      0.685
  22     1  1.66e+004     0.0137     0.0161      0.603      0.701
  23     2  1.74e+004     0.0274     0.0153      0.630      0.716
  24     0  1.81e+004      0.000     0.0145      0.630      0.731
  25     5  1.88e+004     0.0685     0.0138      0.699      0.744
  26     2  1.95e+004     0.0274     0.0131      0.726      0.757
  27     1  2.02e+004     0.0137     0.0124      0.740      0.770
  28     1  2.09e+004     0.0137     0.0118      0.753      0.782
  29     2  2.17e+004     0.0274     0.0112      0.781      0.793
  30     1  2.24e+004     0.0137     0.0106      0.795      0.803
  31     1  2.31e+004     0.0137     0.0101      0.808      0.813
  32     2  2.38e+004     0.0274    0.00954      0.836      0.823
  33     0  2.45e+004      0.000    0.00905      0.836      0.832
  34     1  2.53e+004     0.0137    0.00859      0.849      0.841
  35     1  2.60e+004     0.0137    0.00815      0.863      0.849
  36     2  2.67e+004     0.0274    0.00773      0.890      0.856
  37     2  2.74e+004     0.0274    0.00734      0.918      0.864
  38     4  2.81e+004     0.0548    0.00696      0.973      0.871
  39     2  2.88e+004     0.0274    0.00661       1.00      0.877
